0 0.047368 0.825439 0.084211 0.177193
0 0.121053 0.862281 0.091228 0.163158
0 0.209649 0.857018 0.096491 0.170175
0 0.252632 0.841228 0.066667 0.156140
0 0.441228 0.844737 0.092982 0.177193
0 0.564912 0.861404 0.084211 0.154386
0 0.697368 0.818421 0.107018 0.121053
0 0.799123 0.840351 0.064912 0.143860
0 0.893860 0.781579 0.110526 0.089474
0 0.966667 0.691228 0.038596 0.063158
0 0.859649 0.684211 0.077193 0.084211
0 0.722807 0.671930 0.049123 0.059649
0 0.649123 0.669298 0.052632 0.047368
0 0.457018 0.701754 0.075439 0.112281
0 0.576316 0.693860 0.078947 0.107018
