0 0.900493 0.865954 0.110197 0.268092
0 0.901316 0.610197 0.098684 0.236842
0 0.764803 0.606908 0.121711 0.236842
0 0.551809 0.599507 0.123355 0.218750
0 0.947368 0.379934 0.036184 0.111842
0 0.902961 0.375822 0.036184 0.120066
0 0.855263 0.361842 0.042763 0.131579
0 0.667763 0.337993 0.059211 0.172697
0 0.738487 0.348684 0.039474 0.108553
0 0.704770 0.362664 0.034539 0.083882
0 0.552632 0.367599 0.039474 0.120066
0 0.454770 0.333882 0.050987 0.115132
0 0.470395 0.244243 0.042763 0.077303
0 0.412007 0.203947 0.041118 0.101974
0 0.387336 0.275493 0.047697 0.090461
0 0.321546 0.291118 0.024671 0.088816
0 0.264803 0.232730 0.029605 0.093750
0 0.204770 0.266447 0.050987 0.108553
0 0.231086 0.208882 0.031250 0.108553
