0 0.302239 0.625933 0.175373 0.307836
0 0.791511 0.376399 0.045709 0.159515
0 0.736940 0.378265 0.061567 0.165112
0 0.090951 0.354478 0.062500 0.169776
0 0.146455 0.358675 0.048507 0.148321
0 0.208022 0.348881 0.059701 0.076493
0 0.203358 0.336287 0.039179 0.081157
0 0.252799 0.350746 0.055970 0.136194
0 0.491604 0.266325 0.024254 0.056903
0 0.539646 0.271922 0.032649 0.053172
0 0.547575 0.396922 0.044776 0.133396
0 0.560634 0.347948 0.041045 0.080224
0 0.591884 0.409049 0.045709 0.196828
0 0.546642 0.306903 0.041045 0.055970
0 0.578825 0.307369 0.027052 0.036381
0 0.596082 0.280317 0.022388 0.038246
