0 0.762926 0.553719 0.045105 0.178512
0 0.709571 0.590909 0.044004 0.094215
0 0.728823 0.557025 0.023102 0.059504
0 0.676568 0.551240 0.037404 0.206612
0 0.623212 0.568595 0.060506 0.251240
0 0.597360 0.549587 0.024202 0.183471
0 0.573157 0.547934 0.035204 0.213223
0 0.534653 0.556198 0.039604 0.213223
0 0.443894 0.542975 0.023102 0.170248
0 0.422442 0.552066 0.052805 0.201653
0 0.383938 0.539669 0.039604 0.163636
0 0.358636 0.528926 0.026403 0.155372
0 0.332233 0.533884 0.028603 0.152066
0 0.210121 0.520661 0.019802 0.076033
