0 0.335204 0.790373 0.052041 0.217391
0 0.491327 0.749224 0.045918 0.200311
0 0.448980 0.796584 0.059184 0.133540
0 0.707653 0.652950 0.064286 0.203416
0 0.668878 0.676242 0.033673 0.194099
0 0.636224 0.711957 0.033673 0.094720
0 0.782143 0.680901 0.041837 0.088509
0 0.830612 0.687888 0.046939 0.093168
0 0.923469 0.697981 0.053061 0.088509
0 0.980612 0.694099 0.038776 0.121118
0 0.882143 0.708075 0.023469 0.052795
0 0.244898 0.708075 0.040816 0.124224
0 0.285714 0.715839 0.030612 0.118012
0 0.167347 0.690217 0.032653 0.125776
0 0.143367 0.673913 0.043878 0.096273
0 0.086735 0.668478 0.032653 0.104037
0 0.069388 0.642857 0.034694 0.090062
0 0.110714 0.671584 0.023469 0.122671
