0 0.373147 0.799658 0.153213 0.400685
0 0.626030 0.840753 0.200988 0.318493
0 0.877265 0.803938 0.186161 0.392123
0 0.842669 0.594178 0.107084 0.342466
0 0.561779 0.744007 0.154860 0.395548
0 0.692751 0.601027 0.153213 0.386986
0 0.747941 0.579623 0.082372 0.364726
0 0.553542 0.519692 0.112026 0.190068
0 0.457166 0.504281 0.113674 0.282534
0 0.457990 0.373288 0.088962 0.147260
0 0.651565 0.279110 0.084020 0.130137
0 0.519769 0.266267 0.070840 0.210616
0 0.398682 0.259418 0.075783 0.255137
0 0.080725 0.108733 0.069193 0.214041
