0 0.252315 0.515972 0.028704 0.070833
0 0.276852 0.459722 0.020370 0.075000
0 0.375000 0.472222 0.027778 0.088889
0 0.442593 0.479861 0.018519 0.098611
0 0.029630 0.587500 0.057407 0.136111
0 0.312037 0.704861 0.622222 0.590278
0 0.324074 0.418750 0.061111 0.368056
0 0.496759 0.424306 0.086111 0.362500
0 0.412037 0.395139 0.101852 0.390278
0 0.574537 0.456250 0.095370 0.381944
0 0.660648 0.541667 0.025000 0.075000
0 0.655093 0.468056 0.025000 0.075000
0 0.679630 0.474306 0.016667 0.112500
0 0.697222 0.463889 0.020370 0.077778
0 0.731481 0.597222 0.081481 0.341667
0 0.800463 0.656250 0.399074 0.687500
