0 0.930959 0.782703 0.091570 0.260174
0 0.736192 0.718023 0.094477 0.255814
0 0.801599 0.581395 0.091570 0.229651
0 0.742733 0.564680 0.066860 0.123547
0 0.666424 0.675145 0.056686 0.135174
0 0.558140 0.755087 0.095930 0.199128
0 0.591570 0.612645 0.087209 0.109012
0 0.535610 0.662791 0.088663 0.101744
0 0.481105 0.832122 0.113372 0.199128
0 0.372093 0.935320 0.122093 0.129360
0 0.300872 0.849564 0.072674 0.126453
0 0.297965 0.792151 0.093023 0.098837
0 0.457122 0.724564 0.050872 0.094477
0 0.444767 0.681686 0.063953 0.125000
0 0.450581 0.634448 0.063953 0.071221
0 0.478924 0.617006 0.036337 0.094477
0 0.375000 0.699128 0.061047 0.197674
0 0.390988 0.617733 0.081395 0.093023
0 0.297965 0.682413 0.063953 0.178779
0 0.204942 0.734012 0.107558 0.156977
0 0.127180 0.730378 0.082849 0.146802
0 0.146076 0.599564 0.062500 0.184593
0 0.083576 0.623547 0.068314 0.226744
0 0.079215 0.893169 0.065407 0.213663
