0 0.851307 0.876634 0.133987 0.246732
0 0.699346 0.864379 0.039216 0.147059
0 0.657680 0.865196 0.063725 0.148693
0 0.668301 0.789216 0.019608 0.022876
0 0.650327 0.790033 0.026144 0.034314
0 0.586601 0.870915 0.049020 0.140523
0 0.560458 0.870915 0.035948 0.133987
0 0.611111 0.861928 0.039216 0.142157
0 0.590686 0.781863 0.027778 0.044118
0 0.558824 0.793301 0.032680 0.053922
0 0.493464 0.796569 0.029412 0.050654
0 0.468954 0.797386 0.019608 0.058824
0 0.454248 0.800654 0.016340 0.068627
0 0.432190 0.803922 0.024510 0.071895
