0 0.921498 0.833333 0.132850 0.173913
0 0.873188 0.549517 0.181159 0.166667
0 0.723430 0.537440 0.123188 0.128019
0 0.596618 0.678744 0.140097 0.183575
0 0.467391 0.663043 0.113527 0.234300
0 0.368357 0.619565 0.089372 0.219807
0 0.725845 0.361111 0.108696 0.210145
0 0.064010 0.392512 0.123188 0.243961
0 0.095411 0.316425 0.113527 0.256039
0 0.143720 0.295894 0.079710 0.205314
0 0.219807 0.276570 0.111111 0.248792
0 0.339372 0.317633 0.118357 0.200483
0 0.339372 0.189614 0.103865 0.074879
0 0.363527 0.143720 0.113527 0.113527
0 0.463768 0.204106 0.106280 0.195652
0 0.556763 0.184783 0.103865 0.205314
0 0.654589 0.175121 0.096618 0.219807
0 0.550725 0.091787 0.057971 0.096618
