0 0.878125 0.867188 0.162500 0.228125
0 0.364063 0.901563 0.178125 0.196875
0 0.692187 0.779687 0.165625 0.246875
0 0.289062 0.807813 0.159375 0.315625
0 0.535937 0.751563 0.128125 0.290625
0 0.385937 0.671875 0.134375 0.262500
0 0.085938 0.690625 0.165625 0.287500
0 0.120313 0.525000 0.128125 0.281250
0 0.248438 0.498437 0.115625 0.296875
0 0.592187 0.576562 0.115625 0.234375
0 0.693750 0.509375 0.106250 0.268750
0 0.564063 0.443750 0.103125 0.125000
0 0.473438 0.529687 0.128125 0.215625
0 0.331250 0.535937 0.075000 0.165625
0 0.357812 0.460938 0.121875 0.140625
0 0.314063 0.379688 0.096875 0.146875
