0 0.097685 0.744429 0.173148 0.374652
0 0.101852 0.472841 0.172222 0.299443
0 0.297222 0.457521 0.109259 0.332869
0 0.412963 0.337744 0.151852 0.296657
0 0.548148 0.522981 0.127778 0.366295
0 0.648611 0.404596 0.175000 0.271588
0 0.695833 0.196379 0.121296 0.298050
0 0.600000 0.129526 0.087037 0.253482
0 0.923611 0.348886 0.080556 0.369081
0 0.957407 0.693593 0.085185 0.442897
0 0.980556 0.477716 0.038889 0.178273
0 0.480093 0.905989 0.086111 0.188022
0 0.627778 0.704039 0.116667 0.232591
0 0.753704 0.717967 0.155556 0.338440
0 0.830556 0.898329 0.131481 0.203343
0 0.671759 0.927577 0.106481 0.144847
0 0.200926 0.942897 0.092593 0.114206
