0 0.642641 0.601266 0.214718 0.262658
0 0.436996 0.601266 0.083669 0.414557
0 0.750504 0.316456 0.063508 0.180380
0 0.795363 0.135285 0.030242 0.052215
0 0.606855 0.272943 0.102823 0.311709
0 0.087702 0.814082 0.173387 0.245253
0 0.027218 0.715981 0.052419 0.200949
0 0.060484 0.569620 0.084677 0.322785
0 0.138609 0.484968 0.069556 0.295886
0 0.209677 0.606804 0.088710 0.479430
0 0.291331 0.474684 0.086694 0.303797
0 0.364919 0.481013 0.082661 0.316456
0 0.412298 0.421677 0.082661 0.140823
0 0.484879 0.197785 0.058468 0.117089
0 0.472278 0.346519 0.087702 0.196203
0 0.544355 0.413766 0.090726 0.406646
