0 0.334500 0.841030 0.175000 0.317940
0 0.546000 0.842806 0.160000 0.314387
0 0.936500 0.839254 0.091000 0.321492
0 0.857500 0.828597 0.065000 0.239787
0 0.105500 0.840142 0.049000 0.255773
0 0.154000 0.822380 0.050000 0.284192
0 0.046000 0.821492 0.028000 0.172291
0 0.196000 0.841030 0.024000 0.161634
0 0.245500 0.851687 0.021000 0.147425
0 0.372000 0.153641 0.026000 0.079929
0 0.435500 0.177620 0.027000 0.095915
0 0.485000 0.189165 0.022000 0.101243
0 0.504000 0.183837 0.022000 0.101243
0 0.530500 0.190941 0.017000 0.079929
0 0.547000 0.182948 0.020000 0.078153
0 0.506500 0.108348 0.023000 0.067496
0 0.538500 0.142096 0.021000 0.021314
