0 0.136691 0.636486 0.197842 0.424324
0 0.176259 0.818919 0.143885 0.232432
0 0.062050 0.795946 0.077338 0.110811
0 0.024281 0.698649 0.044964 0.170270
0 0.175360 0.532432 0.059353 0.145946
0 0.192446 0.652703 0.100719 0.310811
0 0.384892 0.517568 0.104317 0.137838
0 0.416367 0.512162 0.026978 0.062162
0 0.516187 0.336486 0.104317 0.505405
0 0.548561 0.201351 0.122302 0.359459
0 0.631295 0.404054 0.093525 0.181081
0 0.658273 0.356757 0.143885 0.237838
0 0.696043 0.194595 0.046763 0.140541
0 0.759892 0.435135 0.124101 0.556757
0 0.781475 0.227027 0.080935 0.189189
0 0.863309 0.395946 0.115108 0.608108
