0 0.121250 0.600000 0.240833 0.800000
0 0.120000 0.336000 0.083333 0.230857
0 0.199167 0.398286 0.145000 0.312000
0 0.380833 0.470286 0.181667 0.533714
0 0.285000 0.424571 0.063333 0.257143
0 0.398333 0.307429 0.080000 0.224000
0 0.471667 0.410286 0.055000 0.352000
0 0.524167 0.457143 0.088333 0.438857
0 0.554583 0.354286 0.060833 0.210286
0 0.594583 0.497143 0.209167 0.610286
0 0.674583 0.236571 0.032500 0.089143
0 0.835833 0.170286 0.058333 0.178286
0 0.865000 0.340571 0.130000 0.301714
0 0.942083 0.341143 0.112500 0.410286
0 0.680417 0.632571 0.525833 0.734857
