0 0.300000 0.168803 0.067368 0.277778
0 0.348947 0.178419 0.038947 0.271368
0 0.390000 0.147436 0.045263 0.256410
0 0.443158 0.153846 0.033684 0.200855
0 0.468421 0.238248 0.058947 0.134615
0 0.506842 0.188034 0.066316 0.239316
0 0.856316 0.212607 0.051579 0.267094
0 0.931579 0.438034 0.065263 0.290598
0 0.879474 0.426282 0.051579 0.220085
0 0.709474 0.502137 0.063158 0.376068
0 0.552632 0.483974 0.050526 0.220085
0 0.516316 0.551282 0.038947 0.235043
0 0.412105 0.541667 0.060000 0.245726
0 0.463684 0.574786 0.051579 0.260684
