0 0.090741 0.546914 0.031481 0.133333
0 0.196296 0.536420 0.018519 0.080247
0 0.490741 0.529630 0.014815 0.051852
0 0.459259 0.523457 0.011111 0.039506
0 0.518519 0.532716 0.014815 0.058025
0 0.621759 0.594444 0.041667 0.137037
0 0.604630 0.558642 0.020370 0.129630
0 0.686111 0.549383 0.033333 0.138272
0 0.712500 0.571605 0.037963 0.145679
0 0.731944 0.556790 0.019444 0.145679
0 0.776852 0.538889 0.029630 0.072840
0 0.875000 0.520370 0.027778 0.040741
0 0.792130 0.691358 0.082407 0.380247
0 0.922685 0.516049 0.054630 0.098765
