0 0.170745 0.482270 0.156383 0.585106
0 0.108511 0.649823 0.036170 0.058511
0 0.231383 0.669326 0.045745 0.115248
0 0.256915 0.688830 0.064894 0.111702
0 0.317553 0.702128 0.047872 0.134752
0 0.337234 0.630319 0.021277 0.076241
0 0.352128 0.655142 0.025532 0.090426
0 0.377660 0.650709 0.034043 0.138298
0 0.431383 0.626773 0.050000 0.140071
0 0.481915 0.644504 0.031915 0.086879
0 0.489894 0.641844 0.084043 0.148936
0 0.963830 0.187057 0.059574 0.101064
0 0.515426 0.391844 0.032979 0.134752
0 0.525532 0.289894 0.014894 0.072695
0 0.535638 0.330674 0.018085 0.161348
0 0.550532 0.242908 0.011702 0.031915
0 0.556915 0.317376 0.020213 0.173759
0 0.576596 0.313830 0.029787 0.177305
0 0.593617 0.312943 0.019149 0.164894
0 0.604787 0.281915 0.011702 0.117021
0 0.618617 0.306738 0.028723 0.177305
0 0.637234 0.303191 0.017021 0.187943
0 0.651064 0.297872 0.029787 0.191489
0 0.675000 0.297872 0.022340 0.191489
0 0.688830 0.294326 0.026596 0.202128
0 0.706383 0.295213 0.031915 0.193262
0 0.750000 0.287234 0.070213 0.205674
0 0.753723 0.205674 0.013830 0.024823
0 0.772340 0.292553 0.025532 0.198582
0 0.804787 0.273050 0.041489 0.212766
0 0.793085 0.163121 0.015957 0.056738
0 0.812234 0.140071 0.022340 0.060284
0 0.832447 0.148050 0.022340 0.058511
0 0.832979 0.278369 0.029787 0.195035
0 0.851596 0.270390 0.030851 0.203901
0 0.853191 0.162234 0.019149 0.044326
