0 0.508584 0.794118 0.051502 0.168627
0 0.550429 0.837255 0.053648 0.152941
0 0.550429 0.768627 0.040773 0.086275
0 0.605150 0.841176 0.060086 0.262745
0 0.454936 0.721569 0.030043 0.164706
0 0.313305 0.766667 0.047210 0.168627
0 0.255365 0.800000 0.051502 0.180392
0 0.201717 0.782353 0.042918 0.152941
0 0.172747 0.862745 0.062232 0.219608
0 0.178112 0.958824 0.042918 0.082353
0 0.051502 0.962745 0.042918 0.074510
0 0.086910 0.872549 0.053648 0.200000
0 0.064378 0.782353 0.042918 0.090196
0 0.063305 0.688235 0.019313 0.098039
0 0.115880 0.670588 0.021459 0.109804
