0 0.354630 0.813889 0.024074 0.081481
0 0.305556 0.928704 0.031481 0.101852
0 0.393519 0.849537 0.029630 0.075000
0 0.438426 0.839815 0.032407 0.066667
0 0.481944 0.816204 0.030556 0.076852
0 0.285185 0.762963 0.038889 0.085185
0 0.335648 0.739815 0.026852 0.077778
0 0.348148 0.714352 0.031481 0.067593
0 0.364815 0.677315 0.027778 0.071296
0 0.410185 0.598148 0.033333 0.066667
0 0.601852 0.591204 0.025926 0.049074
0 0.591204 0.581481 0.013889 0.040741
0 0.618056 0.571759 0.015741 0.041667
0 0.653241 0.566204 0.026852 0.047222
0 0.641204 0.560185 0.021296 0.059259
0 0.662037 0.550926 0.014815 0.033333
0 0.695370 0.545833 0.022222 0.045370
