0 0.104630 0.423148 0.096296 0.151852
0 0.062500 0.404630 0.062037 0.159259
0 0.141204 0.406019 0.043519 0.169444
0 0.152315 0.324537 0.034259 0.052778
0 0.181019 0.392130 0.052778 0.173148
0 0.214815 0.305093 0.051852 0.104630
0 0.272685 0.390741 0.049074 0.153704
0 0.323611 0.375926 0.045370 0.161111
0 0.312037 0.296296 0.027778 0.101852
0 0.331944 0.282407 0.013889 0.062963
0 0.344907 0.299537 0.017593 0.084259
0 0.363426 0.295370 0.017593 0.079630
0 0.379630 0.283333 0.025926 0.070370
0 0.395370 0.291667 0.029630 0.051852
0 0.381944 0.336574 0.039815 0.058333
0 0.360648 0.420370 0.087963 0.161111
0 0.428704 0.287037 0.033333 0.055556
0 0.421296 0.321296 0.033333 0.051852
0 0.461111 0.319907 0.042593 0.041667
0 0.453241 0.285185 0.019444 0.053704
0 0.473148 0.279167 0.020370 0.041667
0 0.975926 0.354630 0.048148 0.127778
0 0.901389 0.423148 0.093519 0.153704
0 0.819444 0.416667 0.088889 0.166667
0 0.871296 0.336111 0.053704 0.081481
0 0.886574 0.314815 0.019444 0.051852
0 0.855093 0.308796 0.019444 0.047222
0 0.966667 0.281944 0.018519 0.050926
0 0.991204 0.275463 0.017593 0.032407
0 0.941204 0.275926 0.013889 0.040741
0 0.956481 0.274074 0.011111 0.029630
0 0.930556 0.276852 0.012963 0.037037
0 0.924537 0.294444 0.013889 0.037037
0 0.919444 0.268056 0.014815 0.023148
0 0.886574 0.287500 0.028704 0.049074
0 0.850000 0.275000 0.024074 0.035185
