0 0.862500 0.952344 0.059375 0.095312
0 0.863281 0.868750 0.051562 0.128125
0 0.762500 0.928125 0.081250 0.100000
0 0.807813 0.909375 0.021875 0.043750
0 0.764062 0.838281 0.031250 0.135937
0 0.741406 0.853125 0.054688 0.162500
0 0.707031 0.866406 0.039062 0.167187
0 0.667969 0.914062 0.051562 0.171875
0 0.636719 0.910156 0.026562 0.179688
0 0.635156 0.807813 0.048438 0.087500
0 0.592969 0.789062 0.023438 0.028125
0 0.612500 0.784375 0.015625 0.021875
0 0.640625 0.755469 0.021875 0.023438
0 0.596875 0.919531 0.068750 0.160938
0 0.581250 0.861719 0.040625 0.117188
0 0.523438 0.924219 0.071875 0.151562
0 0.524219 0.864844 0.064062 0.060937
0 0.540625 0.821875 0.050000 0.056250
0 0.462500 0.961719 0.053125 0.076563
0 0.454688 0.944531 0.096875 0.110937
0 0.503906 0.814844 0.048438 0.054688
0 0.506250 0.750000 0.031250 0.046875
0 0.491406 0.762500 0.054688 0.062500
0 0.503125 0.813281 0.031250 0.035937
0 0.457031 0.803906 0.045312 0.048438
0 0.460156 0.853906 0.035937 0.073438
0 0.428906 0.907813 0.039062 0.165625
0 0.404687 0.875781 0.028125 0.114062
0 0.368750 0.979688 0.043750 0.040625
0 0.360938 0.932813 0.071875 0.134375
0 0.373437 0.853906 0.053125 0.064062
0 0.414844 0.800781 0.032813 0.054688
0 0.391406 0.800781 0.045312 0.054688
0 0.382812 0.822656 0.028125 0.054688
0 0.410938 0.769531 0.037500 0.035937
0 0.263281 0.970313 0.060937 0.059375
0 0.289844 0.945312 0.067187 0.109375
0 0.264844 0.908594 0.067187 0.101562
0 0.200000 0.947656 0.084375 0.104688
0 0.313281 0.853125 0.051562 0.084375
0 0.282031 0.861719 0.064062 0.107813
0 0.324219 0.810156 0.020313 0.035937
0 0.307812 0.797656 0.025000 0.020313
0 0.310937 0.781250 0.018750 0.015625
0 0.322656 0.772656 0.017188 0.029687
0 0.294531 0.775000 0.029687 0.059375
0 0.254688 0.765625 0.037500 0.050000
0 0.253906 0.803125 0.026562 0.050000
0 0.237500 0.827344 0.031250 0.064062
0 0.221875 0.842187 0.025000 0.034375
0 0.192969 0.825000 0.032813 0.059375
0 0.157812 0.829688 0.028125 0.040625
