0 0.230469 0.758594 0.026562 0.064062
0 0.340625 0.618750 0.028125 0.059375
0 0.407031 0.603125 0.020313 0.059375
0 0.540625 0.611719 0.025000 0.060937
0 0.506250 0.603125 0.015625 0.050000
0 0.501563 0.585938 0.015625 0.043750
0 0.944531 0.484375 0.032813 0.050000
0 0.887500 0.585156 0.021875 0.057813
0 0.896875 0.562500 0.015625 0.037500
0 0.751563 0.565625 0.018750 0.046875
0 0.748437 0.541406 0.031250 0.042188
0 0.789844 0.532813 0.026562 0.053125
0 0.757031 0.509375 0.023438 0.050000
0 0.728125 0.497656 0.015625 0.048438
0 0.764062 0.471094 0.018750 0.042188
0 0.790625 0.448437 0.015625 0.043750
0 0.756250 0.445312 0.015625 0.025000
0 0.638281 0.522656 0.017188 0.032813
0 0.684375 0.485156 0.021875 0.029687
