0 0.808743 0.603878 0.109290 0.337950
0 0.527322 0.368421 0.054645 0.088643
0 0.181694 0.429363 0.046448 0.171745
0 0.229508 0.439058 0.076503 0.141274
0 0.271858 0.433518 0.040984 0.135734
0 0.081967 0.191136 0.049180 0.066482
0 0.322404 0.192521 0.043716 0.119114
0 0.409836 0.184211 0.032787 0.119114
0 0.459016 0.213296 0.032787 0.049861
0 0.497268 0.217452 0.054645 0.152355
0 0.560109 0.216066 0.021858 0.055402
0 0.576503 0.210526 0.027322 0.072022
0 0.601093 0.211911 0.027322 0.063712
0 0.625683 0.214681 0.021858 0.047091
0 0.666667 0.185596 0.043716 0.116343
0 0.710383 0.192521 0.060109 0.130194
0 0.767760 0.157895 0.038251 0.066482
0 0.765027 0.245152 0.032787 0.141274
0 0.826503 0.238227 0.046448 0.116343
0 0.790984 0.253463 0.030055 0.063712
0 0.851093 0.231302 0.035519 0.108033
0 0.896175 0.242382 0.049180 0.124654
0 0.948087 0.228532 0.032787 0.108033
0 0.976776 0.246537 0.030055 0.132964
