0 0.064844 0.890282 0.045312 0.175549
0 0.143750 0.852665 0.021875 0.131661
0 0.162500 0.836991 0.012500 0.119122
0 0.210938 0.833856 0.015625 0.094044
0 0.268750 0.832288 0.018750 0.097179
0 0.300000 0.855799 0.018750 0.119122
0 0.315625 0.854232 0.018750 0.122257
0 0.297656 0.791536 0.010937 0.059561
0 0.345313 0.833856 0.025000 0.106583
0 0.370312 0.821317 0.021875 0.100313
0 0.403906 0.821317 0.020313 0.112853
0 0.434375 0.829154 0.015625 0.097179
0 0.448437 0.818182 0.012500 0.094044
0 0.460938 0.813480 0.012500 0.103448
0 0.495312 0.832288 0.021875 0.090909
0 0.432031 0.675549 0.017188 0.072100
0 0.413281 0.678683 0.014063 0.065831
0 0.392188 0.663009 0.018750 0.065831
0 0.497656 0.667712 0.017188 0.068966
0 0.551562 0.655172 0.009375 0.062696
0 0.458594 0.615987 0.014063 0.059561
0 0.616406 0.642633 0.007812 0.037618
0 0.670312 0.663009 0.015625 0.065831
0 0.541406 0.918495 0.026562 0.156740
0 0.663281 0.915361 0.029687 0.169279
0 0.687500 0.905956 0.021875 0.163009
0 0.718750 0.902821 0.028125 0.163009
0 0.745313 0.890282 0.028125 0.137931
0 0.792969 0.871473 0.014063 0.100313
0 0.820312 0.871473 0.018750 0.131661
0 0.842187 0.890282 0.025000 0.163009
0 0.865625 0.926332 0.028125 0.122257
0 0.868750 0.855799 0.021875 0.075235
0 0.900000 0.931034 0.025000 0.137931
0 0.914062 0.931034 0.015625 0.137931
