0 0.767130 0.853964 0.010185 0.038943
0 0.792130 0.918637 0.012037 0.043115
0 0.803704 0.899861 0.009259 0.036161
0 0.567130 0.980529 0.010185 0.036161
0 0.547222 0.967316 0.016667 0.031989
0 0.510185 0.974270 0.011111 0.043115
0 0.370833 0.885257 0.010185 0.045897
0 0.331019 0.853964 0.017593 0.063978
0 0.229630 0.935327 0.014815 0.034771
0 0.115741 0.792768 0.011111 0.044506
0 0.144907 0.710014 0.012037 0.043115
0 0.269444 0.605702 0.012963 0.040334
0 0.034259 0.781641 0.012963 0.038943
0 0.015278 0.779555 0.013889 0.040334
