0 0.308889 0.201111 0.146667 0.322222
0 0.476667 0.363333 0.091111 0.335556
0 0.555556 0.173333 0.137778 0.124444
0 0.654444 0.598889 0.068889 0.206667
0 0.282222 0.835556 0.093333 0.160000
0 0.345556 0.808889 0.082222 0.128889
0 0.338889 0.767778 0.082222 0.122222
0 0.361111 0.940000 0.095556 0.120000
0 0.393333 0.834444 0.071111 0.104444
0 0.434444 0.906667 0.126667 0.186667
0 0.474444 0.794444 0.060000 0.077778
0 0.476667 0.756667 0.068889 0.122222
0 0.518889 0.736667 0.082222 0.135556
0 0.577778 0.835556 0.093333 0.200000
0 0.526667 0.930000 0.093333 0.140000
0 0.702222 0.941111 0.137778 0.117778
0 0.678889 0.854444 0.113333 0.197778
0 0.663333 0.768889 0.104444 0.151111
0 0.763333 0.820000 0.086667 0.342222
0 0.808889 0.734444 0.080000 0.193333
0 0.843333 0.696667 0.068889 0.162222
0 0.824444 0.574444 0.053333 0.077778
