0 0.861816 0.805339 0.079102 0.199219
0 0.714355 0.851562 0.104492 0.296875
0 0.647461 0.784505 0.031250 0.183594
0 0.606934 0.735026 0.028320 0.084635
0 0.596191 0.861328 0.079102 0.277344
0 0.449219 0.815104 0.074219 0.182292
0 0.450195 0.815755 0.093750 0.248698
0 0.430664 0.705729 0.017578 0.036458
0 0.329102 0.847005 0.250000 0.305990
0 0.213379 0.841146 0.083008 0.317708
0 0.341309 0.749349 0.036133 0.128906
0 0.113770 0.851562 0.084961 0.296875
0 0.045410 0.756510 0.043945 0.122396
0 0.017090 0.719401 0.032227 0.147135
0 0.170898 0.703125 0.023438 0.145833
0 0.149902 0.716146 0.024414 0.130208
0 0.132324 0.679688 0.024414 0.062500
