0 0.725694 0.770370 0.131944 0.271605
0 0.465278 0.711111 0.097222 0.316049
0 0.093056 0.790123 0.163889 0.409877
0 0.019444 0.674074 0.036111 0.172840
0 0.166667 0.607407 0.086111 0.355556
0 0.195139 0.633333 0.168056 0.313580
0 0.064583 0.549383 0.084722 0.204938
0 0.025000 0.524691 0.047222 0.219753
0 0.074306 0.486420 0.101389 0.212346
0 0.848611 0.350617 0.044444 0.197531
0 0.804167 0.291358 0.052778 0.202469
0 0.700000 0.443210 0.066667 0.160494
0 0.728472 0.381481 0.062500 0.195062
0 0.750694 0.323457 0.059722 0.187654
0 0.702083 0.323457 0.045833 0.222222
0 0.690972 0.323457 0.037500 0.222222
0 0.664583 0.260494 0.029167 0.096296
0 0.640972 0.264198 0.051389 0.079012
0 0.639583 0.340741 0.054167 0.187654
0 0.604861 0.381481 0.062500 0.195062
0 0.568750 0.395062 0.048611 0.237037
0 0.556250 0.356790 0.043056 0.244444
0 0.581944 0.233333 0.069444 0.150617
0 0.506944 0.402469 0.047222 0.222222
0 0.500694 0.303704 0.043056 0.148148
0 0.350694 0.433333 0.040278 0.125926
0 0.379861 0.409877 0.056944 0.133333
0 0.308333 0.424691 0.058333 0.153086
0 0.347917 0.330864 0.034722 0.088889
0 0.340278 0.253086 0.030556 0.180247
0 0.294444 0.319753 0.047222 0.185185
0 0.276389 0.239506 0.019444 0.044444
0 0.259722 0.383951 0.061111 0.229630
0 0.217361 0.353086 0.062500 0.197531
0 0.213889 0.259259 0.030556 0.069136
0 0.175000 0.302469 0.047222 0.130864
0 0.221528 0.232099 0.034722 0.079012
0 0.309722 0.214815 0.030556 0.177778
0 0.288889 0.180247 0.027778 0.123457
