0 0.739332 0.454792 0.009276 0.030741
0 0.813544 0.490054 0.012987 0.036166
0 0.861781 0.471971 0.009276 0.032550
0 0.874768 0.471067 0.012987 0.037975
0 0.919295 0.489150 0.012987 0.037975
0 0.867347 0.513562 0.009276 0.039783
0 0.875696 0.512658 0.007421 0.037975
0 0.884972 0.509946 0.007421 0.032550
0 0.900742 0.510850 0.012987 0.037975
0 0.945269 0.499096 0.012987 0.036166
0 0.961039 0.555154 0.014842 0.036166
0 0.369202 0.132911 0.011132 0.030741
0 0.351577 0.164557 0.012987 0.025316
0 0.385900 0.152803 0.011132 0.023508
0 0.397032 0.153707 0.007421 0.018083
0 0.408163 0.150090 0.007421 0.018083
0 0.410946 0.158228 0.005566 0.012658
