0 0.069502 0.654093 0.056017 0.094703
0 0.102697 0.590690 0.047718 0.166934
0 0.182573 0.515249 0.031120 0.083467
0 0.173237 0.708668 0.051867 0.155698
0 0.235996 0.549759 0.019710 0.030498
0 0.276971 0.547352 0.020747 0.057785
0 0.285270 0.808186 0.082988 0.146067
0 0.663900 0.877207 0.060166 0.146067
0 0.598548 0.878010 0.051867 0.128411
0 0.548237 0.914125 0.061203 0.117175
0 0.554979 0.864366 0.091286 0.187801
0 0.514004 0.917335 0.125519 0.142857
0 0.488589 0.842697 0.058091 0.073836
0 0.432573 0.846709 0.056017 0.210273
0 0.503631 0.772873 0.065353 0.101124
0 0.429979 0.796950 0.046680 0.232745
0 0.639004 0.700642 0.049793 0.104334
0 0.576763 0.660514 0.024896 0.085072
0 0.539938 0.687801 0.052905 0.142857
0 0.482365 0.691011 0.041494 0.117175
0 0.505187 0.613965 0.018672 0.075441
0 0.531120 0.612360 0.033195 0.088283
0 0.557573 0.601926 0.019710 0.032103
0 0.502593 0.565811 0.019710 0.081862
0 0.533714 0.546549 0.025934 0.056180
0 0.641598 0.539326 0.023859 0.096308
0 0.611515 0.532905 0.021784 0.112360
0 0.440871 0.596308 0.026971 0.136437
0 0.559647 0.523274 0.017635 0.102729
0 0.531120 0.495987 0.026971 0.105939
0 0.496888 0.508026 0.020747 0.126806
0 0.514004 0.485554 0.011411 0.094703
0 0.488071 0.470305 0.015560 0.089888
0 0.415456 0.547352 0.023859 0.057785
0 0.387448 0.500000 0.025934 0.136437
0 0.368776 0.508828 0.017635 0.112360
0 0.352697 0.516854 0.018672 0.102729
0 0.327282 0.535313 0.028008 0.120385
0 0.310166 0.526485 0.016598 0.115570
0 0.332469 0.469502 0.011411 0.024077
0 0.360996 0.411717 0.018672 0.072231
0 0.348548 0.416533 0.016598 0.088283
0 0.302386 0.451043 0.023859 0.057785
0 0.500000 0.215088 0.016598 0.032103
