0 0.845313 0.142969 0.034375 0.079687
0 0.753906 0.142187 0.035937 0.087500
0 0.712500 0.146094 0.037500 0.079687
0 0.768750 0.071875 0.015625 0.028125
0 0.785937 0.072656 0.009375 0.026562
0 0.657813 0.069531 0.015625 0.023438
0 0.589844 0.070312 0.017188 0.018750
0 0.526563 0.067187 0.021875 0.021875
0 0.494531 0.066406 0.010937 0.020313
0 0.487500 0.066406 0.009375 0.020313
0 0.292187 0.124219 0.037500 0.092188
0 0.242188 0.133594 0.056250 0.085938
0 0.031250 0.089844 0.031250 0.060937
0 0.064844 0.135937 0.020313 0.081250
0 0.039062 0.035156 0.021875 0.042188
0 0.246094 0.067187 0.017188 0.028125
0 0.126562 0.063281 0.015625 0.020313
0 0.313281 0.065625 0.014063 0.025000
