0 0.882407 0.953704 0.096296 0.092593
0 0.768056 0.959722 0.115741 0.080556
0 0.616204 0.845833 0.075000 0.178704
0 0.687963 0.757870 0.098148 0.108333
0 0.697685 0.852778 0.087963 0.175926
0 0.761574 0.808333 0.054630 0.162963
0 0.772222 0.712963 0.079630 0.094444
0 0.856481 0.808333 0.103704 0.151852
0 0.934259 0.700463 0.092593 0.136111
0 0.916667 0.619907 0.075926 0.137963
0 0.869907 0.624074 0.037963 0.090741
0 0.827778 0.642130 0.087037 0.147222
0 0.769444 0.645833 0.070370 0.123148
0 0.698148 0.643519 0.081481 0.168519
0 0.765278 0.567130 0.063889 0.112037
0 0.737500 0.502315 0.060185 0.099074
0 0.649537 0.458796 0.063889 0.113889
0 0.597685 0.469444 0.073148 0.127778
0 0.537500 0.480093 0.065741 0.165741
0 0.485185 0.490741 0.094444 0.170370
0 0.469444 0.387963 0.072222 0.079630
0 0.478241 0.352315 0.065741 0.100926
0 0.524074 0.365741 0.075926 0.085185
0 0.636111 0.340741 0.057407 0.122222
0 0.676852 0.302778 0.050000 0.177778
0 0.718981 0.350926 0.062037 0.194444
0 0.787500 0.400000 0.069444 0.164815
0 0.829167 0.344444 0.075000 0.105556
0 0.877315 0.380093 0.078704 0.119444
