0 0.885740 0.525281 0.038391 0.125468
0 0.755941 0.579588 0.049360 0.121723
0 0.636197 0.573970 0.040219 0.136704
0 0.611517 0.585206 0.027422 0.106742
0 0.590494 0.584270 0.029250 0.101124
0 0.563985 0.570225 0.042048 0.129213
0 0.531079 0.569288 0.049360 0.123596
0 0.492687 0.575843 0.038391 0.099251
0 0.450640 0.571161 0.038391 0.104869
0 0.417733 0.566479 0.049360 0.102996
0 0.372943 0.558052 0.051188 0.104869
0 0.321755 0.547753 0.051188 0.106742
0 0.296161 0.550562 0.043876 0.086142
0 0.241316 0.533708 0.043876 0.074906
0 0.172761 0.526217 0.042048 0.086142
0 0.136197 0.529963 0.045704 0.063670
0 0.101463 0.529026 0.034735 0.073034
