0 0.032407 0.778523 0.061111 0.331096
0 0.049074 0.645414 0.057407 0.123043
0 0.112037 0.818792 0.116667 0.331096
0 0.146296 0.695749 0.051852 0.268456
0 0.096296 0.721477 0.059259 0.257271
0 0.258333 0.598434 0.083333 0.145414
0 0.219444 0.704698 0.064815 0.125280
0 0.327778 0.645414 0.066667 0.217002
0 0.248148 0.831096 0.170370 0.337808
0 0.414815 0.749441 0.129630 0.326622
0 0.528704 0.829978 0.098148 0.340045
0 0.624074 0.828859 0.114815 0.342282
0 0.645370 0.637584 0.075926 0.183445
0 0.677778 0.583893 0.055556 0.111857
0 0.725926 0.711409 0.077778 0.304251
0 0.789815 0.697987 0.112963 0.326622
0 0.862963 0.643177 0.088889 0.293065
0 0.925926 0.697987 0.074074 0.317673
0 0.907407 0.553691 0.037037 0.064877
0 0.915741 0.507830 0.046296 0.071588
0 0.925926 0.701342 0.074074 0.310962
0 0.962037 0.740492 0.075926 0.331096
