0 0.861328 0.804688 0.080078 0.200521
0 0.712891 0.851562 0.107422 0.296875
0 0.647461 0.738281 0.033203 0.091146
0 0.596191 0.861979 0.081055 0.276042
0 0.444336 0.815755 0.068359 0.183594
0 0.445801 0.815755 0.088867 0.248698
0 0.430664 0.736328 0.033203 0.100260
0 0.332520 0.846354 0.260742 0.307292
0 0.217285 0.840495 0.092773 0.319010
0 0.114258 0.851562 0.089844 0.296875
0 0.045410 0.755859 0.041992 0.126302
0 0.017090 0.718099 0.032227 0.144531
0 0.171387 0.705078 0.034180 0.149740
0 0.150391 0.686849 0.019531 0.076823
0 0.129395 0.677734 0.024414 0.063802
