0 0.018056 0.824691 0.034259 0.241975
0 0.056944 0.774691 0.030556 0.122222
0 0.086574 0.801852 0.026852 0.075309
0 0.244907 0.811728 0.093519 0.376543
0 0.444444 0.917284 0.124074 0.165432
0 0.391204 0.823457 0.104630 0.353086
0 0.476852 0.832099 0.094444 0.298765
0 0.551389 0.812346 0.050926 0.224691
0 0.582407 0.824691 0.022222 0.160494
0 0.981944 0.859259 0.036111 0.175309
0 0.965741 0.788272 0.020370 0.045679
0 0.788426 0.920988 0.104630 0.158025
0 0.846759 0.880864 0.095370 0.238272
0 0.712500 0.823457 0.071296 0.269136
0 0.895370 0.841358 0.101852 0.317284
0 0.932407 0.837037 0.090741 0.325926
