0 0.291204 0.899074 0.247222 0.201852
0 0.170370 0.897685 0.101852 0.204630
0 0.018981 0.798148 0.036111 0.131481
0 0.081481 0.831019 0.150000 0.337963
0 0.108333 0.846759 0.212963 0.306481
0 0.370370 0.831481 0.201852 0.294444
0 0.384259 0.683796 0.055556 0.052778
0 0.490741 0.728241 0.062963 0.080556
0 0.500926 0.815278 0.101852 0.171296
0 0.584722 0.844907 0.250926 0.263889
0 0.660185 0.825000 0.068519 0.146296
0 0.686111 0.712963 0.033333 0.051852
0 0.689815 0.692130 0.012963 0.034259
0 0.707870 0.698148 0.015741 0.038889
0 0.751389 0.711111 0.034259 0.027778
0 0.868981 0.699074 0.015741 0.022222
0 0.910185 0.737500 0.051852 0.132407
0 0.895833 0.838426 0.128704 0.267593
0 0.712500 0.746759 0.045370 0.112037
0 0.812037 0.849537 0.227778 0.247222
