0 0.967130 0.403704 0.045370 0.046914
0 0.836111 0.441358 0.014815 0.062963
0 0.796296 0.455556 0.046296 0.212346
0 0.760185 0.445679 0.014815 0.074074
0 0.714352 0.450617 0.021296 0.081481
0 0.682870 0.431481 0.012037 0.025926
0 0.584259 0.466049 0.201852 0.490123
0 0.550000 0.467901 0.033333 0.167901
0 0.471759 0.479012 0.034259 0.106173
0 0.450000 0.480864 0.027778 0.070370
0 0.433333 0.477778 0.020370 0.071605
0 0.399537 0.478395 0.032407 0.082716
0 0.281481 0.490123 0.025926 0.083951
0 0.233796 0.493827 0.025000 0.079012
0 0.216204 0.491358 0.010185 0.039506
0 0.200463 0.485802 0.010185 0.025926
0 0.190741 0.492593 0.011111 0.027160
0 0.169444 0.488889 0.009259 0.032099
0 0.156019 0.503086 0.010185 0.053086
0 0.138889 0.490123 0.016667 0.019753
0 0.120833 0.504321 0.013889 0.048148
0 0.096759 0.501235 0.019444 0.046914
0 0.054630 0.519753 0.016667 0.061728
0 0.143056 0.545679 0.023148 0.039506
0 0.121759 0.559259 0.019444 0.034568
0 0.016204 0.593210 0.030556 0.082716
0 0.029167 0.588272 0.032407 0.067901
0 0.050926 0.584568 0.035185 0.045679
