0 0.034375 0.666176 0.050000 0.279412
0 0.085938 0.689706 0.065625 0.291176
0 0.167187 0.763235 0.112500 0.473529
0 0.236719 0.748529 0.067187 0.467647
0 0.211719 0.566176 0.023438 0.085294
0 0.285156 0.761765 0.129688 0.476471
0 0.392188 0.745588 0.096875 0.508824
0 0.487500 0.826471 0.112500 0.347059
0 0.546094 0.814706 0.057813 0.229412
0 0.605469 0.855882 0.104688 0.288235
0 0.650000 0.748529 0.046875 0.450000
0 0.699219 0.727941 0.057813 0.338235
0 0.757812 0.772059 0.121875 0.455882
0 0.828906 0.763235 0.070312 0.473529
0 0.894531 0.777941 0.120313 0.444118
0 0.967187 0.758824 0.065625 0.482353
