0 0.086914 0.458333 0.041016 0.194444
0 0.152344 0.472222 0.039062 0.187500
0 0.186523 0.463542 0.037109 0.204861
0 0.203125 0.461806 0.019531 0.194444
0 0.285156 0.418403 0.023438 0.135417
0 0.310547 0.432292 0.023438 0.128472
0 0.329102 0.430556 0.025391 0.131944
0 0.353516 0.440972 0.027344 0.152778
0 0.375977 0.423611 0.029297 0.152778
0 0.425781 0.437500 0.027344 0.173611
0 0.452148 0.425347 0.025391 0.149306
0 0.467773 0.430556 0.029297 0.159722
0 0.489258 0.421875 0.029297 0.156250
0 0.521484 0.428819 0.023438 0.177083
0 0.541016 0.397569 0.019531 0.135417
0 0.382812 0.586806 0.078125 0.256944
0 0.448242 0.697917 0.091797 0.402778
0 0.604492 0.434028 0.029297 0.097222
0 0.784180 0.434028 0.025391 0.076389
0 0.737305 0.458333 0.041016 0.131944
0 0.747070 0.375000 0.033203 0.104167
0 0.681641 0.385417 0.035156 0.104167
0 0.695312 0.392361 0.023438 0.131944
0 0.545898 0.454861 0.033203 0.055556
0 0.529297 0.656250 0.062500 0.347222
0 0.579102 0.649306 0.052734 0.430556
0 0.609375 0.531250 0.027344 0.125000
0 0.632812 0.668403 0.074219 0.406250
0 0.679688 0.527778 0.050781 0.145833
0 0.704102 0.682292 0.068359 0.392361
0 0.769531 0.645833 0.113281 0.416667
0 0.910156 0.664931 0.078125 0.461806
