0 0.013426 0.482566 0.025000 0.398884
0 0.016204 0.345188 0.026852 0.101813
0 0.065278 0.465132 0.100926 0.366806
0 0.121759 0.475593 0.052778 0.306834
0 0.224074 0.375174 0.025926 0.041841
0 0.216667 0.341702 0.014815 0.036262
0 0.259259 0.483961 0.040741 0.287308
0 0.182870 0.596932 0.158333 0.594142
0 0.289352 0.374477 0.015741 0.040446
0 0.335185 0.594840 0.148148 0.592748
0 0.352778 0.373780 0.009259 0.030683
0 0.381944 0.370293 0.039815 0.068340
0 0.408333 0.549512 0.077778 0.429568
0 0.443519 0.530683 0.042593 0.347280
0 0.493056 0.578103 0.075000 0.520223
0 0.990278 0.524407 0.019444 0.200837
0 0.945370 0.462343 0.025926 0.073919
0 0.965278 0.530683 0.067593 0.205021
0 0.887963 0.513250 0.057407 0.200837
0 0.898148 0.508368 0.059259 0.210600
0 0.840741 0.462343 0.033333 0.101813
0 0.802778 0.472106 0.061111 0.152022
0 0.786111 0.430962 0.016667 0.027894
0 0.747222 0.527197 0.081481 0.278940
0 0.708333 0.505579 0.040741 0.218968
0 0.685185 0.449093 0.025926 0.125523
0 0.606481 0.610879 0.187037 0.778243
0 0.523148 0.629010 0.138889 0.675035
