0 0.044444 0.520325 0.087037 0.192799
0 0.113889 0.664925 0.122222 0.203252
0 0.145833 0.817654 0.162037 0.364692
0 0.331019 0.872822 0.217593 0.254355
0 0.358333 0.687573 0.175926 0.174216
0 0.663426 0.861789 0.197222 0.276423
0 0.847222 0.754936 0.196296 0.378630
0 0.890741 0.824623 0.218519 0.350755
0 0.876852 0.790941 0.246296 0.360046
0 0.587500 0.790941 0.125000 0.343786
0 0.554630 0.629501 0.042593 0.060395
0 0.659259 0.646922 0.081481 0.157956
0 0.709722 0.681765 0.052778 0.171893
0 0.750463 0.627758 0.041667 0.075494
0 0.855093 0.445412 0.080556 0.140534
0 0.881944 0.471545 0.056481 0.141696
0 0.764815 0.406504 0.070370 0.204413
0 0.714815 0.418118 0.050000 0.106852
0 0.093056 0.213705 0.025000 0.037166
0 0.124074 0.214866 0.027778 0.044135
0 0.194444 0.207317 0.070370 0.087108
0 0.162500 0.142857 0.037963 0.099884
0 0.214352 0.154472 0.036111 0.106852
0 0.261574 0.216609 0.060185 0.077816
0 0.390278 0.186992 0.058333 0.171893
0 0.447222 0.214286 0.064815 0.145180
0 0.488426 0.242741 0.062037 0.097561
0 0.520833 0.312427 0.050926 0.211382
0 0.412963 0.405343 0.072222 0.106852
0 0.545370 0.240418 0.050000 0.125436
0 0.525926 0.433217 0.064815 0.178862
0 0.618519 0.417538 0.087037 0.142857
0 0.625926 0.383275 0.066667 0.232288
